0.0 30 3 0 23.4923 0 8.5505
0.01 30.2342 3 0.084743 23.3429 0 8.39832
0.02 30.4669 3 0.167971 23.1956 0 8.24752
0.03 30.6981 3 0.249698 23.0504 0 8.09805
0.04 30.9279 3 0.329937 22.9071 0 7.94991
0.05 31.1562 3 0.4087 22.7658 0 7.80305
0.06 31.3832 3 0.486002 22.6264 0 7.65745
0.07 31.6088 3 0.561853 22.4889 0 7.51309
0.08 31.833 3 0.636268 22.3532 0 7.36994
0.09 32.0558 3 0.709256 22.2193 0 7.22798
0.1 32.2774 3 0.780831 22.0872 0 7.08718
0.11 32.4976 3 0.851004 21.9569 0 6.94751
0.12 32.7165 3 0.919785 21.8282 0 6.80896
0.13 32.9342 3 0.987186 21.7011 0 6.6715
0.14 33.1506 3 1.05322 21.5758 0 6.53511
0.15 33.3657 3 1.11789 21.452 0 6.39978
0.16 33.5796 3 1.18122 21.3297 0 6.26547
0.17 33.7923 3 1.2432 21.209 0 6.13217
0.18 34.0038 3 1.30386 21.0898 0 5.99987
0.19 34.2141 3 1.36321 20.9721 0 5.86853
0.2 34.4232 3 1.42124 20.8558 0 5.73815
0.21 34.6312 3 1.47797 20.741 0 5.6087
0.22 34.838 3 1.53342 20.6275 0 5.48016
0.23 35.0438 3 1.58758 20.5154 0 5.35253
0.24 35.2484 3 1.64047 20.4047 0 5.22578
0.25 35.4519 3 1.6921 20.2952 0 5.09989
0.26 35.6543 3 1.74247 20.1871 0 4.97486
0.27 35.8556 3 1.7916 20.0802 0 4.85066
0.28 36.0559 3 1.83949 19.9746 0 4.72728
0.29 36.2551 3 1.88614 19.8701 0 4.6047
0.3 36.4533 3 1.93158 19.7669 0 4.48292
0.31 36.6504 3 1.97581 19.6649 0 4.36191
0.32 36.8466 3 2.01882 19.564 0 4.24166
0.33 37.0417 3 2.06064 19.4642 0 4.12216
0.34 37.2359 3 2.10127 19.3656 0 4.0034
0.35 37.429 3 2.14071 19.268 0 3.88536
0.36 37.6212 3 2.17898 19.1716 0 3.76803
0.37 37.8125 3 2.21607 19.0761 0 3.6514
0.38 38.0028 3 2.25201 18.9817 0 3.53545
0.39 38.1921 3 2.28679 18.8884 0 3.42018
0.4 38.3805 3 2.32041 18.796 0 3.30558
0.41 38.568 3 2.3529 18.7046 0 3.19162
0.42 38.7546 3 2.38425 18.6141 0 3.07831
0.43 38.9403 3 2.41447 18.5247 0 2.96562
0.44 39.1251 3 2.44356 18.4361 0 2.85356
0.45 39.3091 3 2.47154 18.3485 0 2.74211
0.46 39.4921 3 2.49841 18.2617 0 2.63126
0.47 39.6743 3 2.52417 18.1758 0 2.52099
0.48 39.8556 3 2.54883 18.0908 0 2.41131
0.49 40.0361 3 2.5724 18.0067 0 2.30221
0.5 40.2158 3 2.59488 17.9234 0 2.19366
0.51 40.3946 3 2.61627 17.8409 0 2.08567
0.52 40.5726 3 2.63659 17.7592 0 1.97822
0.53 40.7498 3 2.65584 17.6783 0 1.87132
0.54 40.9261 3 2.67402 17.5982 0 1.76494
0.55 41.1017 3 2.69114 17.5188 0 1.65908
0.56 41.2765 3 2.7072 17.4402 0 1.55374
0.57 41.4505 3 2.72221 17.3624 0 1.4489
0.58 41.6238 3 2.73618 17.2853 0 1.34456
0.59 41.7962 3 2.74911 17.2089 0 1.24072
0.6 41.9679 3 2.761 17.1331 0 1.13736
0.61 42.1389 3 2.77186 17.0581 0 1.03447
0.62 42.3091 3 2.78169 16.9838 0 0.932056
0.63 42.4786 3 2.7905 16.9101 0 0.830106
0.64 42.6473 3 2.79829 16.8371 0 0.728614
0.65 42.8153 3 2.80507 16.7648 0 0.627573
0.66 42.9826 3 2.81085 16.693 0 0.526978
0.67 43.1492 3 2.81561 16.6219 0 0.426823
0.68 43.3151 3 2.81938 16.5514 0 0.327101
0.69 43.4802 3 2.82216 16.4816 0 0.227807
0.7 43.6447 3 2.82394 16.4123 0 0.128935
0.71 43.8085 3 2.82474 16.3435 0 0.0304807
0.72 43.9716 3 2.82455 16.2754 0 -0.0675619
0.73 44.134 3 2.82339 16.2078 0 -0.165198
0.74 44.2957 3 2.82125 16.1408 0 -0.262432
0.75 44.4568 3 2.81814 16.0743 0 -0.359269
0.76 44.6172 3 2.81407 16.0084 0 -0.455714
0.77 44.777 3 2.80903 15.943 0 -0.551772
0.78 44.9361 3 2.80303 15.8781 0 -0.647446
0.79 45.0945 3 2.79608 15.8137 0 -0.742742
0.8 45.2523 3 2.78818 15.7499 0 -0.837663
0.81 45.4095 3 2.77933 15.6865 0 -0.932215
0.82 45.5661 3 2.76953 15.6236 0 -1.0264
0.83 45.722 3 2.7588 15.5611 0 -1.12022
0.839999 45.8773 3 2.74713 15.4992 0 -1.21369
0.849999 46.032 3 2.73453 15.4377 0 -1.3068
0.859999 46.1861 3 2.721 15.3767 0 -1.39956
0.869999 46.3395 3 2.70654 15.3161 0 -1.49197
0.879999 46.4924 3 2.69116 15.2559 0 -1.58404
0.889999 46.6446 3 2.67486 15.1962 0 -1.67576
0.899999 46.7963 3 2.65764 15.1369 0 -1.76715
0.909999 46.9474 3 2.63952 15.078 0 -1.85821
0.919999 47.0979 3 2.62048 15.0195 0 -1.94893
0.929999 47.2478 3 2.60054 14.9615 0 -2.03933
0.939999 47.3971 3 2.5797 14.9038 0 -2.1294
0.949999 47.5458 3 2.55795 14.8465 0 -2.21914
0.959999 47.694 3 2.53531 14.7896 0 -2.30857
0.969999 47.8416 3 2.51178 14.7331 0 -2.39768
0.979999 47.9887 3 2.48736 14.6769 0 -2.48648
0.989999 48.1352 3 2.46205 14.6212 0 -2.57496
0.999999 48.2811 3 2.43586 14.5657 0 -2.66313
1.01 48.4265 3 2.40879 14.5107 0 -2.751
1.02 48.5713 3 2.38084 14.4559 0 -2.83856
1.03 48.7156 3 2.35202 14.4016 0 -2.92582
1.04 48.8594 3 2.32233 14.3475 0 -3.01277
1.05 49.0026 3 2.29177 14.2938 0 -3.09943
1.06 49.1452 3 2.26034 14.2404 0 -3.18579
1.07 49.2874 3 2.22805 14.1873 0 -3.27185
1.08 49.429 3 2.1949 14.1346 0 -3.35762
1.09 49.5701 3 2.1609 14.0821 0 -3.4431
1.1 49.7106 3 2.12604 14.03 0 -3.52829
1.11 49.8507 3 2.09034 13.9782 0 -3.61319
1.12 49.9902 3 2.05378 13.9266 0 -3.69781
1.13 50.1292 3 2.01638 13.8753 0 -3.78214
