0.0 30 3 0 23.4923 0 8.5505
0.01 30.2342 3.00005 0.084743 23.3429 0.0107078 8.39832
0.02 30.4669 3.00021 0.167971 23.1956 0.0212804 8.24752
0.03 30.6981 3.00048 0.249698 23.0503 0.0317207 8.09805
0.04 30.9279 3.00085 0.329937 22.9071 0.0420314 7.94991
0.05 31.1562 3.00132 0.4087 22.7657 0.0522151 7.80305
0.06 31.3832 3.00189 0.486002 22.6263 0.0622744 7.65745
0.07 31.6088 3.00256 0.561853 22.4888 0.0722119 7.51309
0.08 31.833 3.00334 0.636268 22.3531 0.08203 7.36994
0.09 32.0558 3.0042 0.709256 22.2192 0.091731 7.22798
0.1 32.2774 3.00517 0.780831 22.087 0.101317 7.08718
0.11 32.4976 3.00623 0.851004 21.9566 0.110791 6.94751
0.12 32.7165 3.00739 0.919785 21.8278 0.120154 6.80896
0.13 32.9342 3.00863 0.987186 21.7008 0.12941 6.6715
0.14 33.1505 3.00997 1.05322 21.5753 0.138559 6.53511
0.15 33.3657 3.0114 1.11789 21.4514 0.147604 6.39978
0.16 33.5796 3.01292 1.18122 21.3291 0.156547 6.26547
0.17 33.7922 3.01453 1.2432 21.2084 0.16539 6.13217
0.18 34.0037 3.01623 1.30386 21.0891 0.174134 5.99987
0.19 34.214 3.01802 1.36321 20.9713 0.182782 5.86853
0.2 34.4232 3.01989 1.42124 20.855 0.191335 5.73815
0.21 34.6311 3.02184 1.47797 20.74 0.199795 5.6087
0.22 34.838 3.02388 1.53342 20.6265 0.208164 5.48016
0.23 35.0437 3.02601 1.58758 20.5143 0.216443 5.35253
0.24 35.2483 3.02821 1.64047 20.4034 0.224634 5.22578
0.25 35.4517 3.0305 1.6921 20.2939 0.232738 5.09989
0.26 35.6541 3.03287 1.74247 20.1856 0.240758 4.97486
0.27 35.8555 3.03531 1.7916 20.0787 0.248693 4.85066
0.28 36.0557 3.03784 1.83949 19.9729 0.256547 4.72728
0.29 36.2549 3.04044 1.88614 19.8684 0.26432 4.6047
0.3 36.4531 3.04313 1.93158 19.7651 0.272013 4.48292
0.31 36.6502 3.04588 1.97581 19.6629 0.279629 4.36191
0.32 36.8464 3.04872 2.01882 19.5619 0.287168 4.24166
0.33 37.0415 3.05163 2.06064 19.462 0.294631 4.12216
0.34 37.2356 3.05461 2.10127 19.3632 0.30202 4.0034
0.35 37.4287 3.05767 2.14071 19.2656 0.309336 3.88536
0.36 37.6209 3.0608 2.17898 19.1689 0.31658 3.76803
0.37 37.8121 3.064 2.21607 19.0734 0.323754 3.6514
0.38 38.0024 3.06727 2.25201 18.9789 0.330858 3.53545
0.39 38.1917 3.07062 2.28679 18.8853 0.337893 3.42018
0.4 38.3801 3.07403 2.32041 18.7928 0.344861 3.30558
0.41 38.5676 3.07751 2.3529 18.7013 0.351763 3.19162
0.42 38.7541 3.08106 2.38425 18.6107 0.358599 3.07831
0.43 38.9398 3.08468 2.41447 18.5211 0.365371 2.96562
0.44 39.1245 3.08837 2.44356 18.4323 0.37208 2.85356
0.45 39.3084 3.09213 2.47154 18.3445 0.378726 2.74211
0.46 39.4914 3.09595 2.49841 18.2576 0.38531 2.63126
0.47 39.6736 3.09983 2.52417 18.1716 0.391834 2.52099
0.48 39.8549 3.10378 2.54883 18.0864 0.398298 2.41131
0.49 40.0353 3.1078 2.5724 18.0021 0.404703 2.30221
0.5 40.2149 3.11188 2.59488 17.9187 0.41105 2.19366
0.51 40.3937 3.11602 2.61627 17.836 0.41734 2.08567
0.52 40.5716 3.12022 2.63659 17.7541 0.423573 1.97822
0.53 40.7488 3.12449 2.65584 17.6731 0.429751 1.87132
0.54 40.9251 3.12882 2.67402 17.5928 0.435874 1.76494
0.55 41.1006 3.13321 2.69114 17.5133 0.441942 1.65908
0.56 41.2754 3.13766 2.7072 17.4345 0.447957 1.55374
0.57 41.4493 3.14217 2.72221 17.3564 0.453919 1.4489
0.58 41.6225 3.14673 2.73618 17.2791 0.459829 1.34456
0.59 41.7949 3.15136 2.74911 17.2025 0.465687 1.24072
0.6 41.9666 3.15605 2.761 17.1267 0.471495 1.13736
0.61 42.1375 3.16079 2.77186 17.0515 0.477252 1.03447
0.62 42.3076 3.16559 2.78169 16.9769 0.48296 0.932056
0.63 42.477 3.17045 2.7905 16.9031 0.488619 0.830106
0.64 42.6457 3.17537 2.79829 16.8299 0.49423 0.728614
0.65 42.8136 3.18034 2.80507 16.7573 0.499793 0.627573
0.66 42.9808 3.18536 2.81085 16.6854 0.505308 0.526978
0.67 43.1473 3.19044 2.81561 16.6141 0.510777 0.426823
0.68 43.3131 3.19558 2.81938 16.5434 0.5162 0.327101
0.69 43.4782 3.20077 2.82216 16.4733 0.521577 0.227807
0.7 43.6426 3.20601 2.82394 16.4038 0.526908 0.128935
0.71 43.8062 3.2113 2.82474 16.3349 0.532196 0.0304807
0.72 43.9693 3.21665 2.82455 16.2665 0.537439 -0.0675619
0.73 44.1316 3.22205 2.82339 16.1987 0.542638 -0.165198
0.74 44.2932 3.2275 2.82125 16.1315 0.547794 -0.262432
0.75 44.4542 3.23301 2.81814 16.0648 0.552907 -0.359269
0.76 44.6145 3.23856 2.81407 15.9987 0.557978 -0.455714
0.77 44.7742 3.24417 2.80903 15.9331 0.563007 -0.551772
0.78 44.9332 3.24982 2.80303 15.8679 0.567995 -0.647446
0.79 45.0915 3.25553 2.79608 15.8033 0.572941 -0.742742
0.8 45.2493 3.26128 2.78818 15.7392 0.577847 -0.837663
0.81 45.4063 3.26708 2.77933 15.6756 0.582712 -0.932215
0.82 45.5628 3.27293 2.76953 15.6125 0.587537 -1.0264
0.83 45.7186 3.27883 2.7588 15.5499 0.592322 -1.12022
0.839999 45.8738 3.28478 2.74713 15.4877 0.597069 -1.21369
0.849999 46.0283 3.29078 2.73453 15.426 0.601776 -1.3068
0.859999 46.1823 3.29682 2.721 15.3647 0.606445 -1.39956
0.869999 46.3356 3.3029 2.70654 15.3039 0.611075 -1.49197
0.879999 46.4884 3.30904 2.69116 15.2435 0.615668 -1.58404
0.889999 46.6405 3.31522 2.67486 15.1835 0.620222 -1.67576
0.899999 46.792 3.32144 2.65764 15.124 0.62474 -1.76715
0.909999 46.943 3.32771 2.63952 15.0649 0.62922 -1.85821
0.919999 47.0933 3.33403 2.62048 15.0062 0.633663 -1.94893
0.929999 47.2431 3.34039 2.60054 14.9478 0.63807 -2.03933
0.939999 47.3923 3.34679 2.5797 14.8899 0.642441 -2.1294
0.949999 47.5409 3.35323 2.55795 14.8324 0.646776 -2.21914
0.959999 47.6889 3.35972 2.53531 14.7753 0.651075 -2.30857
0.969999 47.8364 3.36626 2.51178 14.7185 0.655339 -2.39768
0.979999 47.9833 3.37283 2.48736 14.6621 0.659567 -2.48648
0.989999 48.1297 3.37945 2.46205 14.6061 0.66376 -2.57496
0.999999 48.2754 3.38611 2.43586 14.5504 0.667919 -2.66313
1.01 48.4207 3.3928 2.40879 14.4951 0.672042 -2.751
1.02 48.5653 3.39955 2.38084 14.4401 0.676132 -2.83856
1.03 48.7095 3.40633 2.35202 14.3855 0.680187 -2.92582
1.04 48.8531 3.41315 2.32233 14.3312 0.684209 -3.01277
1.05 48.9961 3.42001 2.29177 14.2772 0.688196 -3.09943
1.06 49.1386 3.42691 2.26034 14.2236 0.69215 -3.18579
1.07 49.2806 3.43385 2.22805 14.1702 0.696071 -3.27185
1.08 49.422 3.44083 2.1949 14.1172 0.699959 -3.35762
1.09 49.5629 3.44785 2.1609 14.0645 0.703813 -3.4431
1.1 49.7033 3.45491 2.12604 14.0121 0.707635 -3.52829
1.11 49.8432 3.46201 2.09034 13.96 0.711424 -3.61319
1.12 49.9825 3.46914 2.05378 13.9082 0.71518 -3.69781
1.13 50.1213 3.47631 2.01638 13.8567 0.718904 -3.78214
